1850711
1456544
1456533
1456532
1765373_[1283-2300]
1861599
1861600
1861601
1860999
1873251
1871858
1873196
1873191
1873190
1873199
1873198
1873197
1873194
1873193
1873192
1872272
1872372
1872373
1872374
1872375
1872376
1872377
1872378
1872379
1872380
1872381
1872382
1872383
1872384
1872385
1872386
1872387
1872388
1872389
1872390
1872916
1873004
1873158
1873252
1873250
1873201
1873202
1873047_[0-26]
1873046_[0-26]
1873045_[0-26]
1873044_[0-26]
1873043_[3-26]
1873053
1873052
1873051
1873050
1873049
1873009
1873146
1872991
1873187
1872975_[30-119]
1872998_[0-119]
1869868
1869869
1869870
1869871
1869872
1869873
1869874
1869875
1869876
1869877
1869878
1869879
1873134
1871786
1871785
1871674
1871675
1871676
1871677
1871678
1871679
1871680
1871681
1871682
1871683
1871684
1871685
1871686
1871687
1871688
1871689
1871690
1871691
1871692
1871693
1871694
1871695
1871696
1871697
1871698
1871699
1871700
1871701
1871702
1871673
1871672
1871671
1871669
1871667
1871668
1871665
1871666
1871663
1871662
1871664
1871661
1871659
1871658
1871657
1871656
1871655
1871654
1871653
1871652
1871651
1871650
1871649
1871648
1871647
1871646
1871645
1871644
1871643
1871642
1871641
1871640
1871639
1871638
1871637
1871636
1871635
1871634
1871633
1871632
1871630
1871631
1871629
1871628
1871627
1871626
1871625
1871624
1871623
1871622
1871620
1871618
1871617
1871621
1871614
1871616
1871615
1871613
1871612
1871611
1871610
1871609
1871607
1871606
1871605
1871604
1871603
1871602
1871601
1871599
1871600
1871755
1871754
1871753
1871752
1871751
1871750
1871749
1871748
1871747
1871746
1871745
1871744
1871743
1871742
1871741
1871740
1871739
1871738
1871737
1871736
1871735
1871734
1871733
1871732
1871731
1871730
1871729
1871728
1871727
1871726
1871725
1871724
1871723
1871721
1871720
1871719
1871718
1871717
1871716
1871714
1871713
1871712
1871711
1871710
1871709
1871708
1871707
1871706
1871705
1871704
1871703
1865618
1865621
1865624
1865609
1866745
1866762
1870734
1870737
1870739
1870751
1870750
1870748
1870746
1870745
1870744
1870742
1870738
1870735
1870732
1870730
1870725
1870721
1870718
1870715
1870662
1870660
1870657
1870653
1870650
1870647
1870640
1870638
1870631
1870626
1870623
1870621
1872506
1872505
1872504
1872503
1872502
1872501
1872500
1872499
1872498
1872497
1872496
1872495
1872494
1872493
1872492
1872491
1872490
1872489
1872488
1872487
1872486
1872485
1872484
1872483
1872482
1872481
1872480
1872479
1872478
1872477
1872476
1872475
1872474
1872473
1872472
1872471
1872470
1872469
1872468
1872467
1872466
1872465
1872464
1872463
1872462
1872461
1872460
1872459
1872458
1872457
1872456
1872455
1872454
1872453
1872452
1872451
1872450
1872449
1872448
1872447
1872446
1872445
1872444
1872443
1872442
1872441
1872440
1872439
1872438
1872437
1872436
1872435
1872434
1872433
1872432
1872431
1872429
1872428
1872427
1872426
1872425
1872424
1872423
1872422
1872421
1872420
1872419
1872418
1872417
1872416
1872415
1872414
1872413
1872412
1872411
1872410
1872409
1872408
1872407
1872406
1872405
1872404
1872403
1872402
1872401
1872400
1872399
1872398
1872904
1872903
1872902
1872901
1872900
1872899
1872898
1872897
1872896
1872895
1872894
1872893
1872892
1872891
1872890
1872889
1872888
1872887
1872886
1872885
1872884
1872883
1872882
1872881
1872880
1872879
1872878
1872877
1872876
1872875
1872874
1872873
1872872
1872871
1872870
1872869
1872868
1872867
1872866
1872865
1872864
1872863
1872862
1872861
1872860
1872859
1872858
1872857
1872856
1872855
1872854
1872853
1872852
1872851
1872850
1872849
1872848
1872847
1872846
1872845
1872844
1872843
1872842
1872841
1872840
1872839
1872838
1872837
1872836
1872835
1872834
1872833
1872832
1872831
1872830
1872829
1872828
1872827
1872826
1872825
1872824
1872823
1872822
1872821
1872820
1872819
1872818
1872817
1872816
1872815
1872814
1872813
1872812
1872811
1872810
1872809
1872808
1872807
1872806
1872805
1872804
1872803
1872802
1872801
1872800
1872799
1872798
1872797
1872796
1872795
1872794
1872793
1872792
1872791
1872790
1872789
1872788
1872787
1872786
1872785
1872784
1872783
1872782
1872781
1872780
1872779
1872778
1872777
1872776
1872775
1872774
1872773
1872772
1872771
1872770
1872769
1872768
1872767
1872766
1872765
1872764
1872763
1872762
1872761
1872760
1872759
1872758
1872757
1872756
1872755
1872754
1872753
1872752
1872751
1872750
1872749
1872748
1872747
1872746
1872745
1872744
1872743
1872742
1872741
1872740
1872739
1872738
1872737
1872736
1872735
1872734
1872733
1872732
1872731
1872730
1872729
1872728
1872727
1872726
1872725
1872724
1872723
1872722
1872721
1872720
1872719
1872718
1872717
1872716
1872715
1872714
1872713
1872712
1872711
1872710
1872709
1872708
1872707
1872706
1872705
1872704
1872703
1872702
1872700
1872699
1872698
1872697
1872696
1872695
1872694
1872693
1872692
1872691
1872690
1872689
1872688
1872687
1872685
1872684
1872683
1872681
1872680
1872679
1872678
1872677
1872676
1872675
1872674
1872673
1872672
1872671
1872670
1872669
1872668
1872667
1872666
1872665
1872664
1872663
1872662
1872661
1872660
1872659
1872658
1872657
1872655
1872654
1872653
1872651
1872650
1872649
1872648
1872647
1872646
1872645
1872644
1872643
1872642
1872641
1872640
1872639
1872638
1872637
1872636
1872635
1872634
1872633
1872632
1872631
1872630
1872629
1872628
1872627
1872626
1872625
1872624
1872623
1872622
1872621
1872620
1872619
1872618
1872617
1872616
1872615
1872614
1872613
1872612
1872611
1872610
1872609
1872608
1872607
1872606
1872605
1872604
1872603
1872602
1872601
1872600
1872599
1872598
1872597
1872596
1872595
1872594
1872593
1872592
1872591
1872590
1872589
1872588
1872587
1872586
1872585
1872584
1872583
1872582
1872581
1872580
1872579
1872578
1872577
1872576
1872575
1872574
1872573
1872572
1872571
1872570
1872569
1872568
1872567
1872566
1872565
1872564
1872563
1872562
1872561
1872560
1872559
1872558
1872557
1872556
1872555
1872554
1872553
1872552
1872551
1872550
1872549
1872548
1872547
1872546
1872545
1872544
1872543
1872542
1872541
1872540
1872539
1872538
1872537
1872536
1872535
1872534
1872533
1872532
1872531
1872530
1872529
1872528
1872527
1872526
1872525
1872524
1872523
1872522
1872521
1872520
1872519
1872517
1872516
1872515
1872514
1872513
1872512
1872511
1872510
1872509
1872508
1872507
1866763
1866746
1865625
1865622
1865619
1865610
